tripID,start_stop,timestamp,locationID,passenger_count,trip_distance,payment_type,amount,VendorID
3672276,1,1926-08-10T21:42:11.000Z,162,1,2.5,1,12.98,1
1,0,2003-12-23T05:01:51.000Z,41,1,0.0,0,0.0,2
1,1,2003-12-23T05:09:00.000Z,42,1,1.21,2,7.3,2
2,0,2008-12-31T05:10:23.000Z,42,1,0.0,0,0.0,2
2,1,2008-12-31T05:26:33.000Z,50,1,5.8,1,19.8,2
3,0,2008-12-31T05:58:50.000Z,238,1,0.0,0,0.0,2
3,1,2008-12-31T06:42:50.000Z,132,1,19.79,1,70.27,2
4,0,2008-12-31T07:13:31.000Z,140,1,0.0,0,0.0,2
4,1,2008-12-31T07:20:31.000Z,229,1,1.16,1,8.76,2
TripEvent(1,0,2003-12-23T05:01:51.000Z,41,"Bronx",1,0.0,0,0.0,2)
TripEvent(1,1,2003-12-23T05:09:00.000Z,42,"Bronx",1,1.21,2,7.3,2)
TripEvent(2,0,2008-12-31T05:10:23.000Z,42,"Bronx",1,0.0,0,0.0,2)
TripEvent(2,1,2008-12-31T05:26:33.000Z,50,"Bronx",1,5.8,1,19.8,2)
MyAggResult(5,"Bronx",2003-12-23,1,1,1,1)
MyAggResult(5,"Bronx",2008-12-31,1,1,1,1)
tripID,start_stop,timestamp,locationID,passenger_count,trip_distance,payment_type,amount,VendorID
5,0,2008-12-31T09:08:11.000Z,262,2,0.0,0,0.0,2
TripEvent(6,1,2008-12-31T09:38:16.000Z,48,"Bronx",1,3.63,1,16.8,2)
6,0,2008-12-31T09:21:04.000Z,262,1,0.0,0,0.0,2
TripEvent(7,0,2008-12-31T09:42:18.000Z,79,"Queens",2,0.0,0,0.0,2)
5,1,2008-12-31T09:24:15.000Z,142,2,2.72,1,16.56,2
TripEvent(7,1,2008-12-31T09:55:18.000Z,45,"Staten Island",2,1.51,1,13.5,2)
6,1,2008-12-31T09:38:16.000Z,48,1,3.63,1,16.8,2
7,0,2008-12-31T09:42:18.000Z,79,2,0.0,0,0.0,2
TripEvent(8,1,2008-12-31T11:29:13.000Z,75,"Queens",1,2.87,1,23.5,2)
7,1,2008-12-31T09:55:18.000Z,45,2,1.51,1,13.5,2
8,0,2008-12-31T11:00:13.000Z,142,1,0.0,0,0.0,2
9,0,2008-12-31T11:14:32.000Z,238,1,0.0,0,0.0,2
9,1,2008-12-31T11:23:32.000Z,166,1,1.84,1,11.16,2
8,1,2008-12-31T11:29:13.000Z,75,1,2.87,1,23.5,2
MyAggResult(9,"Queens",2008-12-31,1,1,1,2)
MyAggResult(9,"Staten Island",2008-12-31,1,0,2,0)
MyAggResult(9,"Bronx",2008-12-31,1,0,1,0)
tripID,start_stop,timestamp,locationID,passenger_count,trip_distance,payment_type,amount,VendorID
10,0,2008-12-31T11:30:04.000Z,239,1,0.0,0,0.0,2
10,1,2008-12-31T12:03:04.000Z,1,1,19.19,2,85.5,2
11,0,2008-12-31T12:33:49.000Z,68,6,0.0,0,0.0,2
11,1,2008-12-31T13:01:49.000Z,233,6,1.4,2,17.8,2
12,0,2008-12-31T17:03:54.000Z,239,5,0.0,0,0.0,2
12,1,2008-12-31T17:20:54.000Z,50,5,2.87,1,18.36,2
13,0,2008-12-31T18:40:01.000Z,246,2,0.0,0,0.0,2
TripEvent(10,1,2008-12-31T12:03:04.000Z,1,"Brooklyn",1,19.19,2,85.5,2)
13,1,2008-12-31T19:03:26.000Z,229,2,2.12,1,19.56,2
14,0,2008-12-31T19:36:51.000Z,161,5,0.0,0,0.0,2
TripEvent(11,0,2008-12-31T12:33:49.000Z,68,"Bronx",6,0.0,0,0.0,2)
14,1,2008-12-31T19:59:51.000Z,263,5,2.22,1,21.0,2
TripEvent(12,1,2008-12-31T17:20:54.000Z,50,"Bronx",5,2.87,1,18.36,2)
MyAggResult(12,"Bronx",2008-12-31,1,1,5,6)
MyAggResult(12,"Brooklyn",2008-12-31,1,0,1,0)